[[ 0.0010698   0.00111034  0.00114293  0.00116679  0.00118134  0.00118623
   0.00118134  0.00116679  0.00114293  0.00111034  0.0010698 ]
 [ 0.00111034  0.00115241  0.00118623  0.001211    0.0012261   0.00123118
   0.0012261   0.001211    0.00118623  0.00115241  0.00111034]
 [ 0.00114293  0.00118623  0.00122105  0.00124654  0.00126209  0.00126731
   0.00126209  0.00124654  0.00122105  0.00118623  0.00114293]
 [ 0.00116679  0.001211    0.00124654  0.00127256  0.00128843  0.00129377
   0.00128843  0.00127256  0.00124654  0.001211    0.00116679]
 [ 0.00118134  0.0012261   0.00126209  0.00128843  0.0013045   0.00130991
   0.0013045   0.00128843  0.00126209  0.0012261   0.00118134]
 [ 0.00118623  0.00123118  0.00126731  0.00129377  0.00130991  0.00131533
   0.00130991  0.00129377  0.00126731  0.00123118  0.00118623]
 [ 0.00118134  0.0012261   0.00126209  0.00128843  0.0013045   0.00130991
   0.0013045   0.00128843  0.00126209  0.0012261   0.00118134]
 [ 0.00116679  0.001211    0.00124654  0.00127256  0.00128843  0.00129377
   0.00128843  0.00127256  0.00124654  0.001211    0.00116679]
 [ 0.00114293  0.00118623  0.00122105  0.00124654  0.00126209  0.00126731
   0.00126209  0.00124654  0.00122105  0.00118623  0.00114293]
 [ 0.00111034  0.00115241  0.00118623  0.001211    0.0012261   0.00123118
   0.0012261   0.001211    0.00118623  0.00115241  0.00111034]
 [ 0.0010698   0.00111034  0.00114293  0.00116679  0.00118134  0.00118623
   0.00118134  0.00116679  0.00114293  0.00111034  0.0010698 ]]